MESHFIELD_DIVISION_X 10
MESHFIELD_DIVISION_Z 10

MESHFIELD_INFO

MESHFIELD_STRUCT
MESHFIELD_STRUCT_POS
0.000000 0.000000 0.000000
END_MESHFIELD_STRUCT_POS

MESHFIELD_STRUCT_ROT
0.000000 0.000000 0.000000
END_MESHFIELD_STRUCT_ROT

MESHFIELD_STRUCT_TYPE
-1
END_MESHFIELD_STRUCT_TYPE

MESHFIELD_STRUCT_NOR
0.000000 900.000000 0.000000
-0.000000 900.000000 0.000000
0.000000 900.000000 0.000000
-0.000000 900.000000 0.000000
0.000000 900.000000 0.000000
-0.000000 900.000000 0.000000
0.000000 900.000000 0.000000
-0.000000 900.000000 0.000000
0.000000 900.000000 0.000000
-0.000000 900.000000 0.000000
0.000000 900.000000 0.000000
-0.000000 900.000000 0.000000
0.000000 900.000000 0.000000
-0.000000 900.000000 0.000000
0.000000 900.000000 0.000000
-0.000000 900.000000 0.000000
0.000000 900.000000 0.000000
-0.000000 900.000000 0.000000
0.000000 900.000000 0.000000
-0.000000 900.000000 0.000000
0.000000 0.000000 0.000000
0.000000 0.000000 0.000000
0.000000 0.000000 0.000000
0.000000 0.000000 0.000000
0.000000 900.000000 0.000000
-0.000000 900.000000 0.000000
-1485.342407 900.000000 0.000000
-0.000000 900.000000 1485.342407
228.841782 900.000000 1485.342407
-0.000000 900.000000 1256.500610
-85.448799 900.000000 1256.500610
-0.000000 900.000000 1341.949463
193.820114 900.000000 1341.949463
-0.000000 900.000000 1148.129272
-143.066940 900.000000 1148.129272
-0.000000 900.000000 1291.196289
-99.999046 900.000000 1291.196289
-0.000000 900.000000 1391.195312
655.353271 900.000000 1391.195312
-0.000000 900.000000 735.842041
617.630066 900.000000 735.842041
-0.000000 900.000000 118.211967
118.211967 900.000000 118.211967
-0.000000 900.000000 0.000000
0.000000 0.000000 0.000000
0.000000 0.000000 0.000000
0.000000 0.000000 0.000000
0.000000 0.000000 0.000000
-1515.484131 900.000000 0.000000
-0.000000 900.000000 1515.484131
-586.374451 900.000000 1515.484131
-1485.342407 900.000000 616.515991
-192.491226 900.000000 616.516113
228.841782 900.000000 1037.849121
403.538574 900.000000 1037.849121
-85.448799 900.000000 548.861755
-43.706360 900.000000 548.861755
193.820114 900.000000 786.388245
173.366318 900.000000 786.388184
-143.066940 900.000000 469.954956
172.910950 900.000000 469.954956
-99.999046 900.000000 197.044952
719.899963 900.000000 197.044952
655.353271 900.000000 132.498230
422.713593 900.000000 132.498199
617.630066 900.000000 327.414673
445.626678 900.000000 327.414703
118.211967 900.000000 0.000000
0.000000 0.000000 0.000000
0.000000 0.000000 0.000000
0.000000 0.000000 0.000000
0.000000 0.000000 0.000000
-1515.484131 900.000000 0.000000
-1515.484131 900.000000 0.000000
-568.138489 900.000000 0.000000
-586.374451 900.000000 -18.235962
-196.399612 900.000000 -18.235931
-192.491226 900.000000 -14.327545
458.155060 900.000000 -14.327545
403.538574 900.000000 -68.944031
98.637314 900.000000 -68.944016
-43.706360 900.000000 -211.287689
39.082146 900.000000 -211.287689
173.366318 900.000000 -77.003525
139.121704 900.000000 -77.003517
172.910950 900.000000 -43.214264
719.967102 900.000000 -43.214264
719.899963 900.000000 -43.281372
484.213501 900.000000 -43.281384
422.713593 900.000000 -104.781342
340.845367 900.000000 -104.781303
445.626678 900.000000 0.000000
0.000000 0.000000 0.000000
0.000000 0.000000 0.000000
0.000000 0.000000 0.000000
0.000000 0.000000 0.000000
-147.029846 900.000000 0.000000
-1515.484131 900.000000 -1368.454346
-1368.454346 900.000000 -1368.454346
-568.138489 900.000000 -568.138489
330.502502 900.000000 -568.138489
-196.399612 900.000000 -1095.040649
274.221252 900.000000 -1095.040649
458.155060 900.000000 -911.106812
543.323364 900.000000 -911.106812
98.637314 900.000000 -1355.792847
367.436920 900.000000 -1355.792847
39.082146 900.000000 -1684.147705
0.000000 900.000000 -1684.147705
139.121704 900.000000 -1545.026001
0.000000 900.000000 -1545.026001
719.967102 900.000000 -825.058899
0.000000 900.000000 -825.058899
484.213501 900.000000 -340.845398
0.000000 900.000000 -340.845367
340.845367 900.000000 0.000000
0.000000 0.000000 0.000000
0.000000 0.000000 0.000000
0.000000 0.000000 0.000000
0.000000 0.000000 0.000000
0.000000 900.000000 0.000000
-147.029846 900.000000 -147.029846
0.000000 900.000000 -147.029846
-1368.454346 900.000000 -1515.484131
0.000000 900.000000 -1515.484131
330.502502 900.000000 -1184.981689
0.000000 900.000000 -1184.981567
274.221252 900.000000 -910.760315
0.000000 900.000000 -910.760315
543.323364 900.000000 -367.436951
0.000000 900.000000 -367.436920
367.436920 900.000000 0.000000
0.000000 900.000000 0.000000
-0.000000 900.000000 0.000000
0.000000 900.000000 0.000000
-0.000000 900.000000 0.000000
0.000000 900.000000 0.000000
-0.000000 900.000000 0.000000
0.000000 900.000000 0.000000
-0.000000 900.000000 0.000000
0.000000 0.000000 0.000000
0.000000 0.000000 0.000000
0.000000 0.000000 0.000000
0.000000 0.000000 0.000000
0.000000 900.000000 0.000000
-0.000000 900.000000 0.000000
0.000000 900.000000 0.000000
-0.000000 900.000000 0.000000
0.000000 900.000000 0.000000
-0.000000 900.000000 0.000000
0.000000 900.000000 0.000000
-0.000000 900.000000 0.000000
0.000000 900.000000 0.000000
-0.000000 900.000000 0.000000
0.000000 900.000000 0.000000
-0.000000 900.000000 0.000000
0.000000 900.000000 0.000000
-0.000000 900.000000 0.000000
0.000000 900.000000 0.000000
-0.000000 900.000000 0.000000
0.000000 900.000000 0.000000
-0.000000 900.000000 0.000000
0.000000 900.000000 0.000000
-0.000000 900.000000 0.000000
0.000000 0.000000 0.000000
0.000000 0.000000 0.000000
0.000000 0.000000 0.000000
0.000000 0.000000 0.000000
0.000000 900.000000 0.000000
-0.000000 900.000000 0.000000
0.000000 900.000000 0.000000
-0.000000 900.000000 0.000000
0.000000 900.000000 0.000000
-0.000000 900.000000 0.000000
0.000000 900.000000 0.000000
-0.000000 900.000000 0.000000
0.000000 900.000000 0.000000
-0.000000 900.000000 0.000000
0.000000 900.000000 0.000000
-0.000000 900.000000 0.000000
0.000000 900.000000 0.000000
-0.000000 900.000000 0.000000
0.000000 900.000000 0.000000
-0.000000 900.000000 0.000000
0.000000 900.000000 0.000000
-0.000000 900.000000 0.000000
0.000000 900.000000 0.000000
-0.000000 900.000000 0.000000
0.000000 0.000000 0.000000
0.000000 0.000000 0.000000
0.000000 0.000000 0.000000
0.000000 0.000000 0.000000
0.000000 900.000000 0.000000
-0.000000 900.000000 0.000000
0.000000 900.000000 0.000000
-0.000000 900.000000 0.000000
0.000000 900.000000 0.000000
-0.000000 900.000000 0.000000
0.000000 900.000000 0.000000
-0.000000 900.000000 0.000000
0.000000 900.000000 0.000000
-0.000000 900.000000 0.000000
0.000000 900.000000 0.000000
-0.000000 900.000000 0.000000
0.000000 900.000000 0.000000
-0.000000 900.000000 0.000000
0.000000 900.000000 0.000000
-0.000000 900.000000 0.000000
0.000000 900.000000 0.000000
-0.000000 900.000000 0.000000
0.000000 900.000000 0.000000
-0.000000 900.000000 0.000000
0.000000 0.000000 0.000000
0.000000 0.000000 0.000000
0.000000 0.000000 0.000000
0.000000 0.000000 0.000000
0.000000 900.000000 0.000000
-0.000000 900.000000 0.000000
0.000000 900.000000 0.000000
-0.000000 900.000000 0.000000
0.000000 900.000000 0.000000
-0.000000 900.000000 0.000000
0.000000 900.000000 0.000000
-0.000000 900.000000 0.000000
0.000000 900.000000 0.000000
-0.000000 900.000000 0.000000
0.000000 900.000000 0.000000
-0.000000 900.000000 0.000000
0.000000 900.000000 0.000000
-0.000000 900.000000 0.000000
0.000000 900.000000 0.000000
-0.000000 900.000000 0.000000
0.000000 900.000000 0.000000
-0.000000 900.000000 0.000000
0.000000 900.000000 0.000000
-0.000000 900.000000 0.000000
END_MESHFIELD_STRUCT_NOR

END_MESHFIELD_STRUCT

MESHFIELD_VERTEX_POS
0.000000 0.000000 0.000000
30.000000 0.000000 0.000000
60.000000 0.000000 0.000000
90.000000 0.000000 0.000000
120.000000 0.000000 0.000000
150.000000 0.000000 0.000000
180.000000 0.000000 0.000000
210.000000 0.000000 0.000000
240.000000 0.000000 0.000000
270.000000 0.000000 0.000000
300.000000 0.000000 0.000000
0.000000 0.000000 -30.000000
30.000000 0.000000 -30.000000
60.000000 0.000000 -30.000000
90.000000 0.000000 -30.000000
120.000000 0.000000 -30.000000
150.000000 0.000000 -30.000000
180.000000 0.000000 -30.000000
210.000000 0.000000 -30.000000
240.000000 0.000000 -30.000000
270.000000 0.000000 -30.000000
300.000000 0.000000 -30.000000
0.000000 0.000000 -60.000000
30.000000 0.000000 -60.000000
60.000000 49.511414 -60.000000
90.000000 41.883354 -60.000000
120.000000 44.731647 -60.000000
150.000000 38.270977 -60.000000
180.000000 43.039875 -60.000000
210.000000 46.373177 -60.000000
240.000000 24.528069 -60.000000
270.000000 3.940399 -60.000000
300.000000 0.000000 -60.000000
0.000000 0.000000 -90.000000
30.000000 50.516136 -90.000000
60.000000 70.061951 -90.000000
90.000000 76.478325 -90.000000
120.000000 63.027039 -90.000000
150.000000 64.483917 -90.000000
180.000000 58.705040 -90.000000
210.000000 52.941341 -90.000000
240.000000 28.944675 -90.000000
270.000000 14.854222 -90.000000
300.000000 0.000000 -90.000000
0.000000 0.000000 -120.000000
30.000000 50.516136 -120.000000
60.000000 69.454086 -120.000000
90.000000 76.000740 -120.000000
120.000000 60.728905 -120.000000
150.000000 57.440994 -120.000000
180.000000 56.138256 -120.000000
210.000000 51.500866 -120.000000
240.000000 27.501963 -120.000000
270.000000 11.361512 -120.000000
300.000000 0.000000 -120.000000
0.000000 0.000000 -150.000000
30.000000 4.900995 -150.000000
60.000000 50.516136 -150.000000
90.000000 39.499386 -150.000000
120.000000 30.358677 -150.000000
150.000000 12.247897 -150.000000
180.000000 0.000000 -150.000000
210.000000 0.000000 -150.000000
240.000000 0.000000 -150.000000
270.000000 0.000000 -150.000000
300.000000 0.000000 -150.000000
0.000000 0.000000 -180.000000
30.000000 0.000000 -180.000000
60.000000 0.000000 -180.000000
90.000000 0.000000 -180.000000
120.000000 0.000000 -180.000000
150.000000 0.000000 -180.000000
180.000000 0.000000 -180.000000
210.000000 0.000000 -180.000000
240.000000 0.000000 -180.000000
270.000000 0.000000 -180.000000
300.000000 0.000000 -180.000000
0.000000 0.000000 -210.000000
30.000000 0.000000 -210.000000
60.000000 0.000000 -210.000000
90.000000 0.000000 -210.000000
120.000000 0.000000 -210.000000
150.000000 0.000000 -210.000000
180.000000 0.000000 -210.000000
210.000000 0.000000 -210.000000
240.000000 0.000000 -210.000000
270.000000 0.000000 -210.000000
300.000000 0.000000 -210.000000
0.000000 0.000000 -240.000000
30.000000 0.000000 -240.000000
60.000000 0.000000 -240.000000
90.000000 0.000000 -240.000000
120.000000 0.000000 -240.000000
150.000000 0.000000 -240.000000
180.000000 0.000000 -240.000000
210.000000 0.000000 -240.000000
240.000000 0.000000 -240.000000
270.000000 0.000000 -240.000000
300.000000 0.000000 -240.000000
0.000000 0.000000 -270.000000
30.000000 0.000000 -270.000000
60.000000 0.000000 -270.000000
90.000000 0.000000 -270.000000
120.000000 0.000000 -270.000000
150.000000 0.000000 -270.000000
180.000000 0.000000 -270.000000
210.000000 0.000000 -270.000000
240.000000 0.000000 -270.000000
270.000000 0.000000 -270.000000
300.000000 0.000000 -270.000000
0.000000 0.000000 -300.000000
30.000000 0.000000 -300.000000
60.000000 0.000000 -300.000000
90.000000 0.000000 -300.000000
120.000000 0.000000 -300.000000
150.000000 0.000000 -300.000000
180.000000 0.000000 -300.000000
210.000000 0.000000 -300.000000
240.000000 0.000000 -300.000000
270.000000 0.000000 -300.000000
300.000000 0.000000 -300.000000
END_MESHFIELD_VERTEX_POS

MESHFIELD_VERTEX_NOR
-0.000000 1.000000 0.000000
-0.000000 1.000000 0.000000
-0.000000 1.000000 0.000000
-0.000000 1.000000 0.000000
-0.000000 1.000000 0.000000
-0.000000 1.000000 0.000000
-0.000000 1.000000 0.000000
-0.000000 1.000000 0.000000
-0.000000 1.000000 0.000000
-0.000000 1.000000 0.000000
-0.000000 1.000000 0.000000
-0.000000 1.000000 0.000000
-0.000000 0.518214 0.855251
-0.000000 0.582309 0.812968
-0.000000 0.556998 0.830514
-0.000000 0.616930 0.787018
-0.000000 0.571825 0.820376
-0.000000 0.543172 0.839621
-0.000000 0.774177 0.632969
-0.000000 0.991484 0.130228
-0.000000 1.000000 0.000000
-0.000000 1.000000 0.000000
-0.000000 0.510615 0.859810
-0.805975 0.488357 0.334533
0.164320 0.646246 0.745228
-0.080794 0.850971 0.518961
0.160080 0.743326 0.649492
-0.139531 0.877756 0.458340
-0.107905 0.971158 0.212624
0.584521 0.802726 0.118178
0.541975 0.789757 0.287309
0.130228 0.991484 0.000000
0.130228 0.991484 0.000000
-0.859810 0.510615 0.000000
-0.545809 0.837738 -0.016974
-0.209124 0.977765 -0.015566
0.408136 0.910254 -0.069730
-0.047225 0.972446 -0.228295
0.188488 0.978501 -0.083720
0.188463 0.980950 -0.047101
0.624202 0.780361 -0.037528
0.422784 0.900150 -0.104799
0.443726 0.896162 0.000000
0.443726 0.896162 0.000000
-0.679148 0.403326 -0.613258
-0.470911 0.745980 -0.470911
-0.137249 0.628942 -0.765241
0.336840 0.661689 -0.669855
0.060502 0.552043 -0.831618
0.020462 0.471218 -0.881779
0.077572 0.501826 -0.861483
0.507943 0.634957 -0.582086
0.449457 0.835399 -0.316380
0.354169 0.935181 0.000000
0.354169 0.935181 0.000000
-0.159174 0.974334 -0.159174
-0.613258 0.403326 -0.679148
0.216826 0.590445 -0.777407
0.209416 0.687307 -0.695524
0.487877 0.808155 -0.329940
0.377976 0.925815 0.000000
-0.000000 1.000000 0.000000
-0.000000 1.000000 0.000000
-0.000000 1.000000 0.000000
-0.000000 1.000000 0.000000
-0.000000 1.000000 0.000000
-0.000000 1.000000 0.000000
-0.000000 1.000000 0.000000
-0.000000 1.000000 0.000000
-0.000000 1.000000 0.000000
-0.000000 1.000000 0.000000
-0.000000 1.000000 0.000000
-0.000000 1.000000 0.000000
-0.000000 1.000000 0.000000
-0.000000 1.000000 0.000000
-0.000000 1.000000 0.000000
-0.000000 1.000000 0.000000
-0.000000 1.000000 0.000000
-0.000000 1.000000 0.000000
-0.000000 1.000000 0.000000
-0.000000 1.000000 0.000000
-0.000000 1.000000 0.000000
-0.000000 1.000000 0.000000
-0.000000 1.000000 0.000000
-0.000000 1.000000 0.000000
-0.000000 1.000000 0.000000
-0.000000 1.000000 0.000000
-0.000000 1.000000 0.000000
-0.000000 1.000000 0.000000
-0.000000 1.000000 0.000000
-0.000000 1.000000 0.000000
-0.000000 1.000000 0.000000
-0.000000 1.000000 0.000000
-0.000000 1.000000 0.000000
-0.000000 1.000000 0.000000
-0.000000 1.000000 0.000000
-0.000000 1.000000 0.000000
-0.000000 1.000000 0.000000
-0.000000 1.000000 0.000000
-0.000000 1.000000 0.000000
-0.000000 1.000000 0.000000
-0.000000 1.000000 0.000000
-0.000000 1.000000 0.000000
-0.000000 1.000000 0.000000
-0.000000 1.000000 0.000000
-0.000000 1.000000 0.000000
-0.000000 1.000000 0.000000
-0.000000 1.000000 0.000000
-0.000000 1.000000 0.000000
-0.000000 1.000000 0.000000
0.000000 1.000000 0.000000
0.000000 1.000000 0.000000
0.000000 1.000000 0.000000
0.000000 1.000000 0.000000
0.000000 1.000000 0.000000
0.000000 1.000000 0.000000
0.000000 1.000000 0.000000
0.000000 1.000000 0.000000
0.000000 1.000000 0.000000
0.000000 1.000000 0.000000
-0.000000 1.000000 0.000000
END_MESHFIELD_VERTEX_NOR

MESHFIELD_VERTEX_TEX
0.000000 0.000000
0.100000 0.000000
0.200000 0.000000
0.300000 0.000000
0.400000 0.000000
0.500000 0.000000
0.600000 0.000000
0.700000 0.000000
0.800000 0.000000
0.900000 0.000000
1.000000 0.000000
0.000000 0.100000
0.100000 0.100000
0.200000 0.100000
0.300000 0.100000
0.400000 0.100000
0.500000 0.100000
0.600000 0.100000
0.700000 0.100000
0.800000 0.100000
0.900000 0.100000
1.000000 0.100000
0.000000 0.200000
0.100000 0.200000
0.200000 0.200000
0.300000 0.200000
0.400000 0.200000
0.500000 0.200000
0.600000 0.200000
0.700000 0.200000
0.800000 0.200000
0.900000 0.200000
1.000000 0.200000
0.000000 0.300000
0.100000 0.300000
0.200000 0.300000
0.300000 0.300000
0.400000 0.300000
0.500000 0.300000
0.600000 0.300000
0.700000 0.300000
0.800000 0.300000
0.900000 0.300000
1.000000 0.300000
0.000000 0.400000
0.100000 0.400000
0.200000 0.400000
0.300000 0.400000
0.400000 0.400000
0.500000 0.400000
0.600000 0.400000
0.700000 0.400000
0.800000 0.400000
0.900000 0.400000
1.000000 0.400000
0.000000 0.500000
0.100000 0.500000
0.200000 0.500000
0.300000 0.500000
0.400000 0.500000
0.500000 0.500000
0.600000 0.500000
0.700000 0.500000
0.800000 0.500000
0.900000 0.500000
1.000000 0.500000
0.000000 0.600000
0.100000 0.600000
0.200000 0.600000
0.300000 0.600000
0.400000 0.600000
0.500000 0.600000
0.600000 0.600000
0.700000 0.600000
0.800000 0.600000
0.900000 0.600000
1.000000 0.600000
0.000000 0.700000
0.100000 0.700000
0.200000 0.700000
0.300000 0.700000
0.400000 0.700000
0.500000 0.700000
0.600000 0.700000
0.700000 0.700000
0.800000 0.700000
0.900000 0.700000
1.000000 0.700000
0.000000 0.800000
0.100000 0.800000
0.200000 0.800000
0.300000 0.800000
0.400000 0.800000
0.500000 0.800000
0.600000 0.800000
0.700000 0.800000
0.800000 0.800000
0.900000 0.800000
1.000000 0.800000
0.000000 0.900000
0.100000 0.900000
0.200000 0.900000
0.300000 0.900000
0.400000 0.900000
0.500000 0.900000
0.600000 0.900000
0.700000 0.900000
0.800000 0.900000
0.900000 0.900000
1.000000 0.900000
0.000000 1.000000
0.100000 1.000000
0.200000 1.000000
0.300000 1.000000
0.400000 1.000000
0.500000 1.000000
0.600000 1.000000
0.700000 1.000000
0.800000 1.000000
0.900000 1.000000
1.000000 1.000000
END_MESHFIELD_VERTEX_TEX

MESHFIELD_INDEX
11
0
12
1
13
2
14
3
15
4
16
5
17
6
18
7
19
8
20
9
21
10
10
22
22
11
23
12
24
13
25
14
26
15
27
16
28
17
29
18
30
19
31
20
32
21
21
33
33
22
34
23
35
24
36
25
37
26
38
27
39
28
40
29
41
30
42
31
43
32
32
44
44
33
45
34
46
35
47
36
48
37
49
38
50
39
51
40
52
41
53
42
54
43
43
55
55
44
56
45
57
46
58
47
59
48
60
49
61
50
62
51
63
52
64
53
65
54
54
66
66
55
67
56
68
57
69
58
70
59
71
60
72
61
73
62
74
63
75
64
76
65
65
77
77
66
78
67
79
68
80
69
81
70
82
71
83
72
84
73
85
74
86
75
87
76
76
88
88
77
89
78
90
79
91
80
92
81
93
82
94
83
95
84
96
85
97
86
98
87
87
99
99
88
100
89
101
90
102
91
103
92
104
93
105
94
106
95
107
96
108
97
109
98
98
110
110
99
111
100
112
101
113
102
114
103
115
104
116
105
117
106
118
107
119
108
120
109
END_MESHFIELD_INDEX

END_MESHFIELD_INFO

