14
data\\MODEL\\PlayerParts\\00_body.x
data\\MODEL\\PlayerParts\\01_head.x
data\\MODEL\\PlayerParts\\02_RightUpperArm.x
data\\MODEL\\PlayerParts\\03_RightArm.x
data\\MODEL\\PlayerParts\\04_RightHand.x
data\\MODEL\\PlayerParts\\05_LeftUpperArm.x
data\\MODEL\\PlayerParts\\06_LeftArm.x
data\\MODEL\\PlayerParts\\07_LeftHand.x
data\\MODEL\\PlayerParts\\08_RightLeg.x
data\\MODEL\\PlayerParts\\09_RightFoot.x
data\\MODEL\\PlayerParts\\10_RightFeet.x
data\\MODEL\\PlayerParts\\11_LeftLeg.x
data\\MODEL\\PlayerParts\\12_LeftFoot.x
data\\MODEL\\PlayerParts\\13_LeftFeet.x

14
-1
0.0 15.0 0.0
0.0 0.0 0.0
1.0 1.0 1.0
0
0.0 15.0 0.0
0.0 0.0 0.0
1.0 1.0 1.0
0
-16.0 12.0 0.0
0.0 0.0 0.0
1.0 1.0 1.0
2
-8.0 0.0 0.0
0.0 0.0 0.0
1.0 1.0 1.0
3
-8.0 0.0 0.0
0.0 0.0 0.0
1.0 1.0 1.0
0
16.0 12.0 0.0
0.0f, 0.0 0.0
1.0f, 1.0 1.0
5
8.0 0.0 0.0
0.0 0.0 0.0
1.0 1.0 1.0
6
8.0 0.0 0.0
0.0 0.0 0.0
1.0 1.0 1.0
0
-5.0 0.0 0.0
0.0 0.0 0.0
1.0 1.0 1.0
8
0.0 -6.0 0.0
0.0 0.0 0.0
1.0 1.0 1.0
9
0.0 -6.0 0.0
0.0 0.0 0.0
1.0 1.0 1.0
0
5.0 0.0 0.0
0.0 0.0 0.0
1.0 1.0 1.0
11
0.0 -6.0 0.0
0.0 0.0 0.0
1.0 1.0 1.0
12
0.0 -6.0 0.0
0.0 0.0 0.0
1.0 1.0 1.0


1

1
2

80
0.0 -2.3 0.0 -0.03 0.0 0.0
0.0 0.0 0.0 -0.03 0.0 0.0
0.0 0.0 0.0 0.0 0.0 0.88
0.0 0.0 0.0 0.0 0.0 0.19
0.0 0.0 0.0 0.0 0.0 -0.75
0.0 0.0 0.0 0.0 0.0 -0.41
0.0 0.0 0.0 0.16 0.0 0.0
0.0 0.0 0.0 -0.09 0.0 0.0
0.0 0.0 0.0 0.16 0.0 0.0
0.0 0.0 0.0 -0.09 0.0 0.0
0.0 0.0 0.0 0.0 0.0 0.0
0.0 0.0 0.0 0.0 0.0 0.0
0.0 0.0 0.0 0.0 0.0 0.0
0.0 0.0 0.0 0.0 0.0 0.0

80
0.0 -3.2 0.0 -0.19 0.0 0.0
0.0 0.0 0.0 -0.13 0.0 0.0
0.0 0.0 0.0 0.22 0.0 1.13
0.0 0.0 0.0 0.0 0.0 0.31
0.0 0.0 0.0 0.22 0.0 -1.13
0.0 0.0 0.0 0.0 0.0 -0.31
0.0 0.0 0.0 0.53 0.0 0.0
0.0 0.0 0.0 -0.31 0.0 0.0
0.0 0.0 0.0 0.53 0.0 0.0
0.0 0.0 0.0 -0.31 0.0 0.0
0.0 0.0 0.0 0.03 0.0 0.0
0.0 0.0 0.0 0.03 0.0 0.0
0.0 0.0 0.0 0.03 0.0 0.0
0.0 0.0 0.0 0.03 0.0 0.0